   1.0000000e-02   1.2488510e-04  -1.5407351e-09   7.1573126e-02  -7.1634393e-07  -1.3791138e-06   5.4854077e-06  -6.7796419e-08   3.0993832e-09   1.9268510e-06  -7.6636205e-06   1.0000000e-01  -3.4181017e-18  -1.1038922e-04   4.3904853e-04  -1.3791130e-06   9.7472931e-06  -7.1574482e-02   1.1006113e-06   6.1832960e-05  -7.2237279e-04  -1.3791129e-06  -7.7098657e-06  -7.1570090e-02   2.2049729e-06   6.1832969e-05   2.7774714e-04
   4.0000000e-02   4.9981135e-04  -9.9731146e-08   7.1553702e-02  -1.1428305e-05  -5.5069786e-06   2.1954838e-05  -1.0845676e-06   4.9880336e-08   7.6957251e-06  -3.0654865e-05   1.0000000e-01  -3.4181017e-18  -4.4088779e-04   1.7562160e-03  -5.5069655e-06   3.9002349e-05  -7.1575391e-02   1.7577806e-05   2.4649821e-04  -2.8904543e-03  -5.5069656e-06  -3.0826286e-05  -7.1505113e-02   3.5220805e-05   2.4649822e-04   1.1100257e-03
   7.0000000e-02   8.7571267e-04  -5.3295002e-07   7.1511000e-02  -3.4776023e-05  -9.6007674e-06   3.8471653e-05  -3.3203054e-06   1.5470675e-07   1.3422615e-05  -5.3647337e-05   1.0000000e-01   0.0000000e+00  -7.6898110e-04   3.0734539e-03  -9.6006916e-06   6.8304678e-05  -7.1577375e-02   5.3616870e-05   4.2816858e-04  -5.0619915e-03  -9.6006915e-06  -5.3895433e-05  -7.1362142e-02   1.0746842e-04   4.2816865e-04   1.9388482e-03
   1.0000000e-01   1.2533186e-03  -1.5476817e-06   7.1445092e-02  -7.0270842e-05  -1.3635078e-05   5.5070798e-05  -6.7723832e-06   3.2183404e-07   1.9076260e-05  -7.6641394e-05   1.0000000e-01   0.0000000e+00  -1.0928782e-03   4.3907825e-03  -1.3634859e-05   9.7689147e-05  -7.1580403e-02   1.0874575e-04   6.0462151e-04  -7.2395344e-03  -1.3634858e-05  -7.6882440e-05  -7.1141138e-02   2.1808006e-04   6.0462191e-04   2.7616653e-03
   1.3000000e-01   1.6333569e-03  -3.3824658e-06   7.1356100e-02  -1.1716624e-04  -1.7584767e-05   7.1786257e-05  -1.1436691e-05   5.5773505e-07   2.4625777e-05  -9.9636484e-05   1.0000000e-01   3.4181017e-18  -1.4108098e-03   5.7081703e-03  -1.7584301e-05   1.2718963e-04  -7.1584434e-02   1.8224078e-04   7.7367332e-04  -9.4255649e-03  -1.7584301e-05  -9.9753429e-05  -7.0842057e-02   3.6572391e-04   7.7367342e-04   3.5759949e-03
   1.6000000e-01   2.0165510e-03  -6.2634519e-06   7.1244203e-02  -1.7446897e-04  -2.1425081e-05   8.8650666e-05  -1.7307576e-05   8.7096864e-07   3.0040835e-05  -1.2263077e-04   1.0000000e-01  -6.8362034e-18  -1.7210383e-03   7.0255124e-03  -2.1424209e-05   1.5683871e-04  -7.1589434e-02   2.7313415e-04   9.3319618e-04  -1.1622471e-02  -2.1424209e-05  -1.2247583e-04  -7.0464875e-02   5.4861729e-04   9.3319644e-04   4.3794485e-03
   1.9000000e-01   2.4036219e-03  -1.0403341e-05   7.1109652e-02  -2.4095400e-04  -2.5131794e-05   1.0569495e-04  -2.4377763e-05   1.2720056e-06   3.5291841e-05  -1.4562082e-04   1.0000000e-01  -6.8362034e-18  -2.0218682e-03   8.3426109e-03  -2.5130347e-05   1.8666718e-04  -7.1595387e-02   3.8022465e-04   1.0811360e-03  -1.3832522e-02  -2.5130347e-05  -1.4501883e-04  -7.0009617e-02   7.6454284e-04   1.0811360e-03   5.1697570e-03
   2.2000000e-01   2.7952842e-03  -1.5996856e-05   7.0952788e-02  -3.1518337e-04  -2.8681373e-05   1.2294801e-04  -3.2638269e-05   1.7730147e-06   4.0350141e-05  -1.6860122e-04   1.0000000e-01   6.8362034e-18  -2.3116580e-03   9.6591575e-03  -2.8679159e-05   2.1670392e-04  -7.1602313e-02   5.0209105e-04   1.2155303e-03  -1.6057848e-02  -2.8679157e-05  -1.6735357e-04  -6.9476396e-02   1.0108725e-03   1.2155319e-03   5.9447911e-03
   2.5000000e-01   3.1922535e-03  -2.3219122e-05   7.0774056e-02  -3.9552862e-04  -3.2051158e-05   1.4043641e-04  -4.2078316e-05   2.3876131e-06   4.5188235e-05  -1.9156440e-04   1.0000000e-01   0.0000000e+00  -2.5888323e-03   1.0974717e-02  -3.2047983e-05   2.4697532e-04  -7.1610294e-02   6.3710843e-04   1.3345267e-03  -1.8300423e-02  -3.2047982e-05  -1.8945365e-04  -6.8865450e-02   1.2845918e-03   1.3345280e-03   6.7025771e-03
   2.8000000e-01   3.5952389e-03  -3.2220859e-05   7.0574026e-02  -4.8019675e-04  -3.5219558e-05   1.5818418e-04  -5.2685236e-05   3.1305857e-06   4.9780017e-05  -2.1450033e-04   1.0000000e-01   0.0000000e+00  -2.8518953e-03   1.2288715e-02  -3.5215173e-05   2.7750531e-04  -7.1619490e-02   7.8346758e-04   1.4364012e-03  -2.0562049e-02  -3.5215171e-05  -2.1129514e-04  -6.8177189e-02   1.5823380e-03   1.4364023e-03   7.4413103e-03
   3.1000000e-01   4.0049489e-03  -4.3130557e-05   7.0353410e-02  -5.6725957e-04  -3.8166269e-05   1.7621257e-04  -6.4444401e-05   4.0175775e-06   5.4101019e-05  -2.3739636e-04   1.0000000e-01   0.0000000e+00  -3.0994453e-03   1.3600429e-02  -3.8160448e-05   3.0831507e-04  -7.1630169e-02   9.3919896e-04   1.5195771e-03  -2.2844351e-02  -3.8160447e-05  -2.3285685e-04  -6.7412245e-02   1.9004356e-03   1.5195776e-03   8.1593671e-03
   3.4000000e-01   4.4220940e-03  -5.6050581e-05   7.0113081e-02  -6.5468593e-04  -4.0872505e-05   1.9453998e-04  -7.7339151e-05   5.0647672e-06   5.8128676e-05  -2.6023715e-04   1.0000000e-01   6.8362034e-18  -3.3301896e-03   1.4908976e-02  -4.0865042e-05   3.3942282e-04  -7.1642721e-02   1.1021979e-03   1.5826425e-03  -2.5148773e-02  -4.0865046e-05  -2.5412058e-04  -6.6571515e-02   2.2349413e-03   1.5826392e-03   8.8553056e-03
   3.7000000e-01   4.8473763e-03  -7.1054264e-05   6.9854084e-02  -7.4037654e-04  -4.3321229e-05   2.1318188e-04  -9.1350761e-05   6.2885250e-06   6.1842606e-05  -2.8300453e-04   1.0000000e-01  -6.8362034e-18  -3.5429605e-03   1.6213319e-02  -4.3311875e-05   3.7084418e-04  -7.1657685e-02   1.2702541e-03   1.6243673e-03  -2.7476573e-02  -4.3311875e-05  -2.7507069e-04  -6.5656211e-02   2.5817062e-03   1.6243682e-03   9.5278673e-03
   4.0000000e-01   5.2815139e-03  -8.8189189e-05   6.9577651e-02  -8.2220088e-04  -4.5497391e-05   2.3215076e-04  -1.0645842e-04   7.7050642e-06   6.5224882e-05  -3.0567759e-04   1.0000000e-01   0.0000000e+00  -3.7367310e-03   1.7512258e-02  -4.5485902e-05   4.0259142e-04  -7.1675770e-02   1.4410825e-03   1.6437182e-03  -2.9828834e-02  -4.5485891e-05  -2.9569493e-04  -6.4667899e-02   2.9364141e-03   1.6437260e-03   1.0175968e-02
   4.3000000e-01   5.7252424e-03  -1.0747822e-04   6.9285210e-02  -8.9803549e-04  -4.7388152e-05   2.5145623e-04  -1.2263927e-04   9.3300916e-06   6.8260313e-05  -3.2823273e-04   1.0000000e-01   0.0000000e+00  -3.9106307e-03   1.8804441e-02  -4.7374355e-05   4.3467356e-04  -7.1697875e-02   1.6123581e-03   1.6398714e-03  -3.2206471e-02  -4.7374356e-05  -3.1598427e-04  -6.3608532e-02   3.2946424e-03   1.6398707e-03   1.0798689e-02
   4.6000000e-01   6.1792780e-03  -1.2891308e-04   6.8978385e-02  -9.6580300e-04  -4.8983093e-05   2.7110513e-04  -1.3986841e-04   1.1178465e-05   7.0936707e-05  -3.5064382e-04   1.0000000e-01  -3.4181017e-18  -4.0639612e-03   2.0088371e-02  -4.8966735e-05   4.6709777e-04  -7.1725080e-02   1.7817532e-03   1.6122245e-03  -3.4610243e-02  -4.8966745e-05  -3.3593154e-04  -6.2480499e-02   3.6519659e-03   1.6122185e-03   1.1395272e-02
   4.9000000e-01   6.6443475e-03  -1.5246708e-04   6.8659000e-02  -1.0235110e-03  -5.0274394e-05   2.9110166e-04  -1.5811905e-04   1.3263862e-05   7.3245112e-05  -3.7288244e-04   1.0000000e-01   3.4181017e-18  -4.1962096e-03   2.1362420e-02  -5.0255338e-05   4.9986861e-04  -7.1758668e-02   1.9469778e-03   1.5604039e-03  -3.7040772e-02  -5.0255325e-05  -3.5553217e-04  -6.1286642e-02   4.0040003e-03   1.5604113e-03   1.1965107e-02
   5.2000000e-01   7.1212341e-03  -1.7809126e-04   6.8329066e-02  -1.0692896e-03  -5.1256976e-05   3.1144763e-04  -1.7736258e-04   1.5598476e-05   7.5180028e-05  -3.9491816e-04   1.0000000e-01   0.0000000e+00  -4.3070609e-03   2.2624846e-02  -5.1235164e-05   5.3298690e-04  -7.1800149e-02   2.1058067e-03   1.4842640e-03  -3.9498555e-02  -5.1235150e-05  -3.7478536e-04  -6.0030240e-02   4.3464351e-03   1.4842710e-03   1.2507686e-02
   5.5000000e-01   7.6107085e-03  -2.0571285e-04   6.7990774e-02  -1.1014275e-03  -5.1928602e-05   3.3214268e-04  -1.9756875e-04   1.8192729e-05   7.6739573e-05  -4.1671893e-04   1.0000000e-01   6.8362034e-18  -4.3964072e-03   2.3873812e-02  -5.1903927e-05   5.6645220e-04  -7.1851219e-02   2.2561241e-03   1.3838918e-03  -4.1983990e-02  -5.1903936e-05  -3.9369153e-04  -5.8715041e-02   4.6751718e-03   1.3838876e-03   1.3022606e-02
   5.8000000e-01   8.1135428e-03  -2.3525199e-04   6.7646475e-02  -1.1184043e-03  -5.2289923e-05   3.5318457e-04  -2.1870584e-04   2.1055027e-05   7.7925591e-05  -4.3825151e-04   1.0000000e-01   0.0000000e+00  -4.4643541e-03   2.5107412e-02  -5.2262509e-05   6.0026267e-04  -7.1913751e-02   2.3959665e-03   1.2596028e-03  -4.4497392e-02  -5.2262523e-05  -4.1225252e-04  -5.7345263e-02   4.9863777e-03   1.2595922e-03   1.3509568e-02
   6.1000000e-01   8.6305408e-03  -2.6659429e-04   6.7298658e-02  -1.1189194e-03  -5.2344470e-05   3.7456946e-04  -2.4074090e-04   2.4191551e-05   7.8743699e-05  -4.5948188e-04   1.0000000e-01   3.4181017e-18  -4.5112235e-03   2.6323699e-02  -5.2313985e-05   6.3441445e-04  -7.1989798e-02   2.5235281e-03   1.1119301e-03  -4.7039015e-02  -5.2313987e-05  -4.3047223e-04  -5.5925521e-02   5.2765404e-03   1.1119280e-03   1.3968304e-02
   6.4000000e-01   9.1625323e-03  -2.9965425e-04   6.6949923e-02  -1.1019158e-03  -5.2098593e-05   3.9629223e-04  -2.6363996e-04   2.7606090e-05   7.9203262e-05  -4.8037582e-04   1.0000000e-01   0.0000000e+00  -4.5375518e-03   2.7520712e-02  -5.2065356e-05   6.6890216e-04  -7.2081574e-02   2.6372322e-03   9.4161255e-04  -4.9609061e-02  -5.2065323e-05  -4.4835600e-04  -5.4460855e-02   5.5425001e-03   9.4161950e-04   1.4398626e-02
   6.7000000e-01   9.7103900e-03  -3.3430859e-04   6.6602949e-02  -1.0665985e-03  -5.1561340e-05   4.1834669e-04  -2.8736825e-04   3.1299922e-05   7.9317288e-05  -5.0089938e-04   1.0000000e-01   0.0000000e+00  -4.5440844e-03   2.8696506e-02  -5.1525272e-05   7.0371865e-04  -7.2191431e-02   2.7357011e-03   7.4957724e-04  -5.2207711e-02  -5.1525272e-05  -4.6591097e-04  -5.2956606e-02   5.7815239e-03   7.4957324e-04   1.4800329e-02
   7.0000000e-01   1.0274932e-02  -3.7044859e-04   6.6260465e-02  -1.0124463e-03  -5.0744289e-05   4.4072594e-04  -3.1189050e-04   3.5271744e-05   7.9102244e-05  -5.2101940e-04   1.0000000e-01   0.0000000e+00  -4.5317645e-03   2.9849182e-02  -5.0705419e-05   7.3885816e-04  -7.2321760e-02   2.8178264e-03   5.3693348e-04  -5.4835120e-02  -5.0705415e-05  -4.8314297e-04  -5.1418462e-02   5.9914147e-03   5.3693757e-04   1.5173277e-02
   7.3000000e-01   1.0857071e-02  -4.0798451e-04   6.5925214e-02  -9.3921833e-04  -4.9661333e-05   4.6342254e-04  -3.3717112e-04   3.9517648e-05   7.8577793e-05  -5.4070409e-04   1.0000000e-01  -3.4181017e-18  -4.5017187e-03   3.0976916e-02  -4.9620135e-05   7.7431197e-04  -7.2475076e-02   2.8827555e-03   3.0493268e-04  -5.7491438e-02  -4.9620158e-05  -5.0006059e-04  -4.9852311e-02   6.1703948e-03   3.0492255e-04   1.5517316e-02
   7.6000000e-01   1.1457646e-02  -4.4680386e-04   6.5599917e-02  -8.4695264e-04  -4.8328428e-05   4.8642870e-04  -3.6317448e-04   4.4031151e-05   7.7766464e-05  -5.5992341e-04   1.0000000e-01   0.0000000e+00  -4.4552377e-03   3.2077991e-02  -4.8285029e-05   8.1007357e-04  -7.2653841e-02   2.9298905e-03   5.4971662e-05  -6.0176808e-02  -4.8285025e-05  -5.1667050e-04  -4.8264216e-02   6.3173073e-03   5.4971003e-05   1.5832311e-02
   7.9000000e-01   1.2077582e-02  -4.8682796e-04   6.5287240e-02  -7.3595973e-04  -4.6763309e-05   5.0973653e-04  -3.8986508e-04   4.8803266e-05   7.6693251e-05  -5.7864961e-04   1.0000000e-01   3.4181017e-18  -4.3937534e-03   3.3150814e-02  -4.6718071e-05   8.4613407e-04  -7.2860562e-02   2.9589008e-03  -2.1145436e-04  -6.2891374e-02  -4.6718042e-05  -5.3298149e-04  -4.6660309e-02   6.4314405e-03  -2.1145033e-04   1.6118110e-02
   8.2000000e-01   1.2717785e-02  -5.2797243e-04   6.4989764e-02  -6.0680952e-04  -4.4985196e-05   5.3333807e-04  -4.1720778e-04   5.3822621e-05   7.5385162e-05  -5.9685757e-04   1.0000000e-01   0.0000000e+00  -4.3188130e-03   3.4193947e-02  -4.4938199e-05   8.8248520e-04  -7.3097674e-02   2.9696984e-03  -4.9275757e-04  -6.5635277e-02  -4.4938200e-05  -5.4900183e-04  -4.5046731e-02   6.5126340e-03  -4.9275463e-04   1.6374559e-02
   8.5000000e-01   1.3379140e-02  -5.7019532e-04   6.4709956e-02  -4.6031319e-04  -4.3014483e-05   5.5722544e-04  -4.4516792e-04   5.9075609e-05   7.3870732e-05  -6.1452512e-04   1.0000000e-01   6.8362034e-18  -4.2320514e-03   3.5206120e-02  -4.2966301e-05   9.1911925e-04  -7.3367508e-02   2.9624633e-03  -7.8728263e-04  -6.8408646e-02  -4.2966313e-05  -5.6473923e-04  -4.3429590e-02   6.5612328e-03  -7.8728546e-04   1.6601548e-02
   8.8000000e-01   1.4062535e-02  -6.1344885e-04   6.4450142e-02  -2.9750051e-04  -4.0872432e-05   5.8139084e-04  -4.7371150e-04   6.4546583e-05   7.2179509e-05  -6.3163332e-04   1.0000000e-01  -8.5452543e-19  -4.1351613e-03   3.6186249e-02  -4.0823506e-05   9.5602845e-04  -7.3672271e-02   2.9375782e-03  -1.0933254e-03  -7.1211594e-02  -4.0823518e-05  -5.8020148e-04  -4.1814837e-02   6.5780565e-03  -1.0933328e-03   1.6798960e-02
   9.1000000e-01   1.4768837e-02  -6.5770165e-04   6.4212489e-02  -1.1959353e-04  -3.8580868e-05   6.0582664e-04  -5.0280523e-04   7.0218066e-05   7.0341537e-05  -6.4816664e-04   1.0000000e-01  -6.8362034e-18  -4.0298639e-03   3.7133442e-02  -3.8531519e-05   9.9320543e-04  -7.4014007e-02   2.8956255e-03  -1.4091507e-03  -7.4044210e-02  -3.8531516e-05  -5.9539602e-04  -4.0208225e-02   6.5643593e-03  -1.4091503e-03   1.6966707e-02
   9.4000000e-01   1.5498926e-02  -7.0295013e-04   6.3998985e-02   7.2022432e-05  -3.6161899e-05   6.3052532e-04  -5.3241661e-04   7.6070990e-05   6.8386842e-05  -6.6411303e-04   1.0000000e-01   6.8362034e-18  -3.9178796e-03   3.8047010e-02  -3.6112587e-05   1.0306421e-03  -7.4394605e-02   2.8373642e-03  -1.7330171e-03  -7.6906549e-02  -3.6112575e-05  -6.1033088e-04  -3.8615238e-02   6.5217421e-03  -1.7330111e-03   1.7104731e-02
   9.7000000e-01   1.6253661e-02  -7.4920347e-04   6.3811431e-02   2.7582942e-04  -3.3637647e-05   6.5547948e-04  -5.6251396e-04   8.2084946e-05   6.6344952e-05  -6.7946401e-04   1.0000000e-01   8.5452543e-19  -3.8008998e-03   3.8926467e-02  -3.3588886e-05   1.0683305e-03  -7.4815751e-02   2.7636940e-03  -2.0631848e-03  -7.9798619e-02  -3.3588889e-05  -6.2501389e-04  -3.7041040e-02   6.4521325e-03  -2.0631853e-03   1.7213017e-02
   1.0000000e+00   1.7033836e-02  -7.9648125e-04   6.3651433e-02   4.9020828e-04  -3.1030005e-05   6.8068183e-04  -5.9306643e-04   8.8238447e-05   6.4244443e-05  -6.9421457e-04   1.0000000e-01   3.4181017e-18  -3.6805617e-03   3.9771526e-02  -3.0982306e-05   1.1062639e-03  -7.5278871e-02   2.6756301e-03  -2.3979209e-03  -8.2720364e-02  -3.0982311e-05  -6.3945195e-04  -3.5490447e-02   6.3577494e-03  -2.3979254e-03   1.7291630e-02
   1.0300000e+00   1.7840237e-02  -8.4481384e-04   6.3520398e-02   7.1346986e-04  -2.8360418e-05   7.0612509e-04  -6.2404397e-04   9.4509190e-05   6.2112542e-05  -7.0836313e-04   1.0000000e-01   0.0000000e+00  -3.5584252e-03   4.0582097e-02  -2.8314223e-05   1.1444349e-03  -7.5785180e-02   2.5742630e-03  -2.7355210e-03  -8.5671665e-02  -2.8314232e-05  -6.5365241e-04  -3.3967859e-02   6.2409923e-03  -2.7355257e-03   1.7340689e-02
   1.0600000e+00   1.8673613e-02  -8.9424909e-04   6.3419536e-02   9.4388529e-04  -2.5649695e-05   7.3180204e-04  -6.5541728e-04   1.0087432e-04   5.9974782e-05  -7.2191138e-04   1.0000000e-01  -6.8362034e-18  -3.4359529e-03   4.1358275e-02  -2.5605557e-05   1.1828362e-03  -7.6335649e-02   2.4607410e-03  -3.0743156e-03  -8.8652319e-02  -2.5605551e-05  -6.6762258e-04  -3.2477256e-02   6.1043936e-03  -3.0743181e-03   1.7360397e-02
   1.0900000e+00   1.9534685e-02  -9.4483312e-04   6.3349868e-02   1.1797146e-03  -2.2917841e-05   7.5770543e-04  -6.8715776e-04   1.0731068e-04   5.7854721e-05  -7.3486408e-04   1.0000000e-01  -3.4181017e-18  -3.3144947e-03   4.2100335e-02  -2.2876174e-05   1.2214603e-03  -7.6931013e-02   2.3362234e-03  -3.4126774e-03  -9.1662043e-02  -2.2876173e-05  -6.8137001e-04  -3.1022157e-02   5.9505548e-03  -3.4126790e-03   1.7351033e-02
   1.1200000e+00   2.0424116e-02  -9.9662738e-04   6.3312229e-02   1.4192329e-03  -2.0183925e-05   7.8382797e-04  -7.1923742e-04   1.1379505e-04   5.5773727e-05  -7.4722880e-04   1.0000000e-01   0.0000000e+00  -3.1952747e-03   4.2808709e-02  -2.0145268e-05   1.2602999e-03  -7.7571747e-02   2.2018774e-03  -3.7490254e-03  -9.4700452e-02  -2.0145258e-05  -6.9490189e-04  -2.9605635e-02   5.7821045e-03  -3.7490245e-03   1.7312986e-02
   1.1500000e+00   2.1342539e-02  -1.0496865e-03   6.3307283e-02   1.6607547e-03  -1.7465959e-05   8.1016234e-04  -7.5162881e-04   1.2030441e-04   5.3750830e-05  -7.5901573e-04   1.0000000e-01   6.8362034e-18  -3.0793830e-03   4.3483982e-02  -1.7430730e-05   1.2993475e-03  -7.8258102e-02   2.0588299e-03  -4.0818335e-03  -9.7767068e-02  -1.7430724e-05  -7.0822582e-04  -2.8230292e-02   5.6016261e-03  -4.0818314e-03   1.7246730e-02
   1.1800000e+00   2.2290540e-02  -1.1040741e-03   6.3335535e-02   1.9026538e-03  -1.4780817e-05   8.3670115e-04  -7.8430492e-04   1.2681612e-04   5.1802634e-05  -7.7023736e-04   1.0000000e-01   0.0000000e+00  -2.9677709e-03   4.4126869e-02  -1.4749523e-05   1.3385953e-03  -7.8990096e-02   1.9081678e-03  -4.4096345e-03  -1.0086131e-01  -1.4749516e-05  -7.2134937e-04  -2.6898275e-02   5.4116213e-03  -4.4096364e-03   1.7152846e-02
   1.2100000e+00   2.3268634e-02  -1.1598409e-03   6.3397343e-02   2.1433819e-03  -1.2144165e-05   8.6343695e-04  -8.1723914e-04   1.3330812e-04   4.9943295e-05  -7.8090821e-04   1.0000000e-01   8.5452543e-19  -2.8612495e-03   4.4738201e-02  -1.2117173e-05   1.3780364e-03  -7.9767507e-02   1.7509053e-03  -4.7310176e-03  -1.0398249e-01  -1.2117172e-05  -7.3427981e-04  -2.5611288e-02   5.2144844e-03  -4.7310199e-03   1.7032029e-02
   1.2400000e+00   2.4277298e-02  -1.2170432e-03   6.3492936e-02   2.3814827e-03  -9.5704124e-06   8.9036224e-04  -8.5040511e-04   1.3975913e-04   4.8184549e-05  -7.9104451e-04   1.0000000e-01   0.0000000e+00  -2.7604909e-03   4.5318910e-02  -9.5481643e-06   1.4176631e-03  -8.0589914e-02   1.5879846e-03  -5.0446415e-03  -1.0712980e-01  -9.5481553e-06  -7.4702461e-04  -2.4370606e-02   5.0124466e-03  -5.0446406e-03   1.6885075e-02
   1.2700000e+00   2.5316986e-02  -1.2757232e-03   6.3622427e-02   2.6156032e-03  -7.0726911e-06   9.1746952e-04  -8.8377675e-04   1.4614883e-04   4.6535786e-05  -8.0066398e-04   1.0000000e-01   0.0000000e+00  -2.6660334e-03   4.5870009e-02  -7.0554947e-06   1.4574674e-03  -8.1456731e-02   1.4202482e-03  -5.3492371e-03  -1.1030238e-01  -7.0554928e-06  -7.5959177e-04  -2.3177083e-02   4.8075495e-03  -5.3492361e-03   1.6712861e-02
   1.3000000e+00   2.6388079e-02  -1.3359236e-03   6.3785832e-02   2.8445027e-03  -4.6628391e-06   9.4475124e-04  -9.1732811e-04   1.5245794e-04   4.5004172e-05  -8.0978549e-04   1.0000000e-01   6.8362034e-18  -2.5782873e-03   4.6392580e-02  -4.6510563e-06   1.4974418e-03  -8.2367175e-02   1.2484539e-03  -5.6436057e-03  -1.1349921e-01  -4.6510558e-06  -7.7198884e-04  -2.2031205e-02   4.6016491e-03  -5.6436071e-03   1.6516383e-02
   1.3300000e+00   2.7490893e-02  -1.3976696e-03   6.3983080e-02   3.0670582e-03  -2.3514080e-06   9.7219989e-04  -9.5103340e-04   1.5866840e-04   4.3594796e-05  -8.1842880e-04   1.0000000e-01   0.0000000e+00  -2.4975442e-03   4.6887755e-02  -2.3452838e-06   1.5375790e-03  -8.3320295e-02   1.0732560e-03  -5.9266197e-03  -1.1671922e-01  -2.3452909e-06  -7.8422313e-04  -2.0933097e-02   4.3964022e-03  -5.9266193e-03   1.6296735e-02
   1.3600000e+00   2.8625730e-02  -1.4609892e-03   6.4214031e-02   3.2822674e-03  -1.4767965e-07   9.9980799e-04  -9.8486693e-04   1.6476348e-04   4.2310842e-05  -8.2661433e-04   1.0000000e-01   0.0000000e+00  -2.4239865e-03   4.7356703e-02  -1.4754275e-07   1.5778712e-03  -8.4315030e-02   8.9521699e-04  -6.1972391e-03  -1.1996123e-01  -1.4754208e-07  -7.9630243e-04  -1.9882562e-02   4.1932386e-03  -6.1972391e-03   1.6055084e-02
   1.3900000e+00   2.9792830e-02  -1.5258864e-03   6.4478492e-02   3.4892502e-03   1.9403051e-06   1.0275681e-03  -1.0188031e-03   1.7072783e-04   4.1153781e-05  -8.3436292e-04   1.0000000e-01   0.0000000e+00  -2.3576985e-03   4.7800619e-02   1.9343274e-06   1.6183108e-03  -8.5350184e-02   7.1479362e-04  -6.4544995e-03  -1.2322400e-01   1.9343212e-06  -8.0823423e-04  -1.8879107e-02   3.9933882e-03  -6.4544989e-03   1.5792679e-02
   1.4200000e+00   3.0992392e-02  -1.5923690e-03   6.4776222e-02   3.6872474e-03   3.9057078e-06   1.0554729e-03  -1.0528165e-03   1.7654758e-04   4.0123564e-05  -8.4169557e-04   1.0000000e-01   0.0000000e+00  -2.2986775e-03   4.8220707e-02   3.8934374e-06   1.6588906e-03  -8.6424469e-02   5.3236341e-04  -6.6975263e-03  -1.2650619e-01   3.8934289e-06  -8.2002595e-04  -1.7921985e-02   3.7978737e-03  -6.6975259e-03   1.5510849e-02
   1.4500000e+00   3.2224564e-02  -1.6604342e-03   6.5106950e-02   3.8756182e-03   5.7428468e-06   1.0835152e-03  -1.0868817e-03   1.8221042e-04   3.9218831e-05  -8.4863330e-04   1.0000000e-01  -1.7090509e-18  -2.2468453e-03   4.8618169e-02   5.7240929e-06   1.6996032e-03  -8.7536506e-02   3.4821991e-04  -6.9255312e-03  -1.2980641e-01   5.7240973e-06  -8.3168477e-04  -1.7010225e-02   3.6075284e-03  -6.9255310e-03   1.5210988e-02
   1.4800000e+00   3.3489474e-02  -1.7300609e-03   6.5470381e-02   4.0538365e-03   7.4471451e-06   1.1116879e-03  -1.1209735e-03   1.8770560e-04   3.8437100e-05  -8.5519695e-04   1.0000000e-01   0.0000000e+00  -2.2020600e-03   4.8994200e-02   7.4219366e-06   1.7404414e-03  -8.8684867e-02   1.6256896e-04  -7.1378166e-03  -1.3312323e-01   7.4219378e-06  -8.4321807e-04  -1.6142657e-02   3.4230014e-03  -7.1378166e-03   1.4894529e-02
   1.5100000e+00   3.4787197e-02  -1.8012340e-03   6.5866207e-02   4.2214858e-03   9.0150735e-06   1.1399840e-03  -1.1550671e-03   1.9302400e-04   3.7774964e-05  -8.6140701e-04   1.0000000e-01   6.8362034e-18  -2.1641262e-03   4.9349974e-02   8.9833964e-06   1.7813982e-03  -8.9868069e-02  -2.4436914e-05  -7.3337799e-03  -1.3645515e-01   8.9833958e-06  -8.5463279e-04  -1.5317957e-02   3.2447811e-03  -7.3337804e-03   1.4562968e-02
   1.5400000e+00   3.6117767e-02  -1.8739305e-03   6.6294111e-02   4.3782535e-03   1.0444091e-05   1.1683968e-03  -1.1891376e-03   1.9815812e-04   3.7228266e-05  -8.6728351e-04   1.0000000e-01   0.0000000e+00  -2.1328059e-03   4.9686639e-02   1.0405949e-05   1.8224668e-03  -9.1084589e-02  -2.1270487e-04  -7.5129124e-03  -1.3980064e-01   1.0405951e-05  -8.6593564e-04  -1.4534671e-02   3.0732104e-03  -7.5129125e-03   1.4217834e-02
   1.5700000e+00   3.7481218e-02  -1.9481161e-03   6.6753775e-02   4.5239249e-03   1.1732583e-05   1.1969196e-03  -1.2231609e-03   2.0310209e-04   3.6792268e-05  -8.7284592e-04   1.0000000e-01   0.0000000e+00  -2.1078276e-03   5.0005309e-02   1.1688156e-05   1.8636403e-03  -9.2332917e-02  -4.0220001e-04  -7.6748041e-03  -1.4315817e-01   1.1688146e-05  -8.7713358e-04  -1.3791238e-02   2.9084970e-03  -7.6748038e-03   1.3860662e-02
   1.6000000e+00   3.8877525e-02  -2.0237699e-03   6.7244883e-02   4.6583764e-03   1.2879798e-05   1.2255460e-03  -1.2571131e-03   2.0785168e-04   3.6461795e-05  -8.7811300e-04   1.0000000e-01   0.0000000e+00  -2.0888948e-03   5.0307060e-02   1.2829141e-05   1.9049124e-03  -9.3611518e-02  -5.9291040e-04  -7.8191445e-03  -1.4652617e-01   1.2829136e-05  -8.8823298e-04  -1.3086033e-02   2.7507415e-03  -7.8191448e-03   1.3493025e-02
   1.6300000e+00   4.0306642e-02  -2.1008577e-03   6.7767122e-02   4.7815686e-03   1.3885785e-05   1.2542697e-03  -1.2909708e-03   2.1240423e-04   3.6231374e-05  -8.8310280e-04   1.0000000e-01   6.8362034e-18  -2.0756940e-03   5.0592925e-02   1.3829059e-05   1.9462768e-03  -9.4918867e-02  -7.8486500e-04  -7.9457174e-03  -1.4990307e-01   1.3829062e-05  -8.9924003e-04  -1.2417377e-02   2.5999521e-03  -7.9457175e-03   1.3116490e-02
   1.6600000e+00   4.1768525e-02  -2.1793459e-03   6.8320188e-02   4.8935397e-03   1.4751328e-05   1.2830847e-03  -1.3247114e-03   2.1675866e-04   3.6095346e-05  -8.8783256e-04   1.0000000e-01  -6.8362034e-18  -2.0679010e-03   5.0863894e-02   1.4688834e-05   1.9877272e-03  -9.6253483e-02  -9.7811922e-04  -8.0544075e-03  -1.5328731e-01   1.4688835e-05  -9.1016110e-04  -1.1783561e-02   2.4560536e-03  -8.0544076e-03   1.2732605e-02
   1.6900000e+00   4.3263085e-02  -2.2592120e-03   6.8903784e-02   4.9943984e-03   1.5477888e-05   1.3119852e-03  -1.3583130e-03   2.2091540e-04   3.6047967e-05  -8.9231871e-04   1.0000000e-01   0.0000000e+00  -2.0651867e-03   5.1120904e-02   1.5409888e-05   2.0292579e-03  -9.7613896e-02  -1.1727329e-03  -8.1451960e-03  -1.5667736e-01   1.5409892e-05  -9.2100195e-04  -1.1182877e-02   2.3189132e-03  -8.1451964e-03   1.2342919e-02
   1.7200000e+00   4.4790231e-02  -2.3404296e-03   6.9517620e-02   5.0843173e-03   1.6067540e-05   1.3409655e-03  -1.3917544e-03   2.2487633e-04   3.6083493e-05  -8.9657678e-04   1.0000000e-01   0.0000000e+00  -2.0672219e-03   5.1364849e-02   1.5994405e-05   2.0708629e-03  -9.8998687e-02  -1.3687829e-03  -8.2181576e-03  -1.6007169e-01   1.5994406e-05  -9.3176833e-04  -1.0613624e-02   2.1883481e-03  -8.2181578e-03   1.1948942e-02
   1.7500000e+00   4.6349846e-02  -2.4229832e-03   7.0161411e-02   5.1635262e-03   1.6522914e-05   1.3700202e-03  -1.4250155e-03   2.2864469e-04   3.6196246e-05  -9.0062148e-04   1.0000000e-01   0.0000000e+00  -2.0736815e-03   5.1596570e-02   1.6445021e-05   2.1125371e-03  -1.0040647e-01  -1.5663437e-03  -8.2734592e-03  -1.6346884e-01   1.6445018e-05  -9.4246561e-04  -1.0074128e-02   2.0641406e-03  -8.2734592e-03   1.1552158e-02
   1.7800000e+00   4.7941819e-02  -2.5068642e-03   7.0834881e-02   5.2323059e-03   1.6847135e-05   1.3991442e-03  -1.4580770e-03   2.3222506e-04   3.6380672e-05  -9.0446663e-04   1.0000000e-01   0.0000000e+00  -2.0842473e-03   5.1816859e-02   1.6764871e-05   2.1542751e-03  -1.0183593e-01  -1.7654899e-03  -8.3113578e-03  -1.6686736e-01   1.6764873e-05  -9.5309915e-04  -9.5627563e-03   1.9460451e-03  -8.3113579e-03   1.1153996e-02
   1.8100000e+00   4.9566017e-02  -2.5920626e-03   7.1537752e-02   5.2909819e-03   1.7043770e-05   1.4283324e-03  -1.4909210e-03   2.3562320e-04   3.6631387e-05  -9.0812522e-04   1.0000000e-01  -6.8362034e-18  -2.0986108e-03   5.2026459e-02   1.6957662e-05   2.1960718e-03  -1.0328580e-01  -1.9662968e-03  -8.3321891e-03  -1.7026588e-01   1.6957657e-05  -9.6367388e-04  -9.0779216e-03   1.8338030e-03  -8.3321890e-03   1.0755838e-02
   1.8400000e+00   5.1222316e-02  -2.6785901e-03   7.2269750e-02   5.3399187e-03   1.7116773e-05   1.4575802e-03  -1.5235304e-03   2.3884600e-04   3.6943205e-05  -9.1160940e-04   1.0000000e-01  -6.8362034e-18  -2.1164748e-03   5.2226068e-02   1.7027277e-05   2.2379225e-03  -1.0475487e-01  -2.1688233e-03  -8.3363732e-03  -1.7366307e-01   1.7027276e-05  -9.7419468e-04  -8.6180970e-03   1.7271441e-03  -8.3363731e-03   1.0359000e-02
   1.8700000e+00   5.2910565e-02  -2.7664545e-03   7.3030599e-02   5.3795142e-03   1.7070430e-05   1.4868832e-03  -1.5558896e-03   2.4190134e-04   3.7311164e-05  -9.1493053e-04   1.0000000e-01   0.0000000e+00  -2.1375552e-03   5.2416335e-02   1.6978109e-05   2.2798227e-03  -1.0624199e-01  -2.3731258e-03  -8.3243961e-03  -1.7705769e-01   1.6978108e-05  -9.8466591e-04  -8.1818193e-03   1.6257999e-03  -8.3243960e-03   9.9647405e-03
   1.9000000e+00   5.4630630e-02  -2.8556788e-03   7.3820019e-02   5.4101942e-03   1.6909310e-05   1.5162370e-03  -1.5879842e-03   2.4479801e-04   3.7730547e-05  -9.1809918e-04   1.0000000e-01  -3.4181017e-18  -2.1615816e-03   5.2597867e-02   1.6814749e-05   2.3217683e-03  -1.0774608e-01  -2.5792471e-03  -8.2968132e-03  -1.8044855e-01   1.6814747e-05  -9.9509185e-04  -7.7676928e-03   1.5295023e-03  -8.2968132e-03   9.5742397e-03
   1.9300000e+00   5.6382378e-02  -2.9462963e-03   7.4637725e-02   5.4324076e-03   1.6638218e-05   1.5456378e-03  -1.6198010e-03   2.4754561e-04   3.8196886e-05  -9.2112522e-04   1.0000000e-01   3.4181017e-18  -2.1882981e-03   5.2771228e-02   1.6542006e-05   2.3637550e-03  -1.0926612e-01  -2.7872185e-03  -8.2542393e-03  -1.8383455e-01   1.6542009e-05  -1.0054766e-03  -7.3743923e-03   1.4379891e-03  -8.2542394e-03   9.1885989e-03
   1.9600000e+00   5.8165668e-02  -3.0383408e-03   7.5483421e-02   5.4466215e-03   1.6262144e-05   1.5750819e-03  -1.6513284e-03   2.5015439e-04   3.8705969e-05  -9.2401780e-04   1.0000000e-01   1.3672407e-17  -2.2174635e-03   5.2936944e-02   1.6164995e-05   2.4057793e-03  -1.1080114e-01  -2.9970649e-03  -8.1973370e-03  -1.8721467e-01   1.6164991e-05  -1.0158238e-03  -7.0006655e-03   1.3510099e-03  -8.1973369e-03   8.8088441e-03
   1.9900000e+00   5.9980364e-02  -3.1318696e-03   7.6356804e-02   5.4533169e-03   1.5786223e-05   1.6045659e-03  -1.6825557e-03   2.5263519e-04   3.9253841e-05  -9.2678544e-04   1.0000000e-01  -6.6759799e-21  -2.2488510e-03   5.3095502e-02   1.5688759e-05   2.4478377e-03  -1.1235025e-01  -3.2087900e-03  -8.1268187e-03  -1.9058796e-01   1.5688759e-05  -1.0261369e-03  -6.6453336e-03   1.2683236e-03  -8.1268188e-03   8.4359168e-03
   2.0200000e+00   6.1826339e-02  -3.2269349e-03   7.7257556e-02   5.4529849e-03   1.5215691e-05   1.6340866e-03  -1.7134741e-03   2.5499929e-04   3.9836801e-05  -9.2943603e-04   1.0000000e-01   3.4181017e-18  -2.2822488e-03   5.3247354e-02   1.5118643e-05   2.4899269e-03  -1.1391262e-01  -3.4223972e-03  -8.0434289e-03  -1.9395356e-01   1.5118642e-05  -1.0364191e-03  -6.3072881e-03   1.1897032e-03  -8.0434290e-03   8.0706732e-03
   2.0500000e+00   6.3703468e-02  -3.3236050e-03   7.8185349e-02   5.4461220e-03   1.4555843e-05   1.6636411e-03  -1.7440756e-03   2.5725835e-04   4.0451398e-05  -9.3197690e-04   1.0000000e-01   0.0000000e+00  -2.3174590e-03   5.3392921e-02   1.4459940e-05   2.5320441e-03  -1.1548746e-01  -3.6378748e-03  -7.9479441e-03  -1.9731071e-01   1.4459938e-05  -1.0466734e-03  -5.9854914e-03   1.1149339e-03  -7.9479442e-03   7.7138847e-03
   2.0800000e+00   6.5611630e-02  -3.4219546e-03   7.9139838e-02   5.4332279e-03   1.3812000e-05   1.6932269e-03  -1.7743539e-03   2.5942424e-04   4.1094420e-05  -9.3441487e-04   1.0000000e-01  -4.2726271e-19  -2.3542977e-03   5.3532592e-02   1.3717985e-05   2.5741866e-03  -1.1707405e-01  -3.8552037e-03  -7.8411624e-03  -2.0065871e-01   1.3717984e-05  -1.0569023e-03  -5.6789738e-03   1.0438149e-03  -7.8411624e-03   7.3662387e-03
   2.1100000e+00   6.7550714e-02  -3.5220626e-03   8.0120665e-02   5.4148010e-03   1.2989475e-05   1.7228416e-03  -1.8043039e-03   2.6150902e-04   4.1762888e-05  -9.3675622e-04   1.0000000e-01  -6.8362034e-18  -2.3925942e-03   5.3666728e-02   1.2898141e-05   2.6163521e-03  -1.1867172e-01  -4.0743594e-03  -7.7238960e-03  -2.0399697e-01   1.2898138e-05  -1.0671084e-03  -5.3868303e-03   9.7615881e-04  -7.7238960e-03   7.0283384e-03
   2.1400000e+00   6.9520614e-02  -3.6240209e-03   8.1127454e-02   5.3913366e-03   1.2093536e-05   1.7524832e-03  -1.8339215e-03   2.6352478e-04   4.2454045e-05  -9.3900682e-04   1.0000000e-01   0.0000000e+00  -2.4321906e-03   5.3795665e-02   1.2005641e-05   2.6585384e-03  -1.2027983e-01  -4.2953073e-03  -7.5969680e-03  -2.0732497e-01   1.2005642e-05  -1.0772935e-03  -5.1082183e-03   9.1179042e-04  -7.5969680e-03   6.7007042e-03
   2.1700000e+00   7.1521231e-02  -3.7279183e-03   8.2159817e-02   5.3633236e-03   1.1129383e-05   1.7821497e-03  -1.8632040e-03   2.6548361e-04   4.3165348e-05  -9.4117210e-04   1.0000000e-01   0.0000000e+00  -2.4729412e-03   5.3919713e-02   1.1045770e-05   2.7007437e-03  -1.2189782e-01  -4.5180139e-03  -7.4612006e-03  -2.1064225e-01   1.1045768e-05  -1.0874597e-03  -4.8423533e-03   8.5054759e-04  -7.4612006e-03   6.3837779e-03
   2.2000000e+00   7.3552475e-02  -3.8338581e-03   8.3217348e-02   5.3312427e-03   1.0102119e-05   1.8118397e-03  -1.8921499e-03   2.6739748e-04   4.3894455e-05  -9.4325711e-04   1.0000000e-01  -6.8362034e-18  -2.5147116e-03   5.4039164e-02   1.0023594e-05   2.7429663e-03  -1.2352516e-01  -4.7424365e-03  -7.3174155e-03  -2.1394847e-01   1.0023592e-05  -1.0976086e-03  -4.5885062e-03   7.9227866e-04  -7.3174155e-03   6.0779229e-03
   2.2300000e+00   7.5614262e-02  -3.9419427e-03   8.4299627e-02   5.2955640e-03   9.0167313e-06   1.8415518e-03  -1.9207586e-03   2.6927821e-04   4.4639211e-05  -9.4526655e-04   1.0000000e-01   0.0000000e+00  -2.5573787e-03   5.4154284e-02   8.9441241e-06   2.7852049e-03  -1.2516134e-01  -4.9685330e-03  -7.1664238e-03  -2.1724332e-01   8.9441231e-06  -1.1077414e-03  -4.3459993e-03   7.3684326e-04  -7.1664238e-03   5.7834305e-03
   2.2600000e+00   7.7706517e-02  -4.0522800e-03   8.5406219e-02   5.2567457e-03   7.8780645e-06   1.8712849e-03  -1.9490306e-03   2.7113738e-04   4.5397644e-05  -9.4720477e-04   1.0000000e-01   0.0000000e+00  -2.6008293e-03   5.4265325e-02   7.8122171e-06   2.8274584e-03  -1.2680592e-01  -5.1962596e-03  -7.0090237e-03  -2.2052659e-01   7.8122170e-06  -1.1178594e-03  -4.1142027e-03   6.8411039e-04  -7.0090236e-03   5.5005211e-03
   2.2900000e+00   7.9829171e-02  -4.1649792e-03   8.6536677e-02   5.2152320e-03   6.6908096e-06   1.9010381e-03  -1.9769672e-03   2.7298629e-04   4.6167951e-05  -9.4907584e-04   1.0000000e-01   0.0000000e+00  -2.6449601e-03   5.4372519e-02   6.6325914e-06   2.8697258e-03  -1.2845848e-01  -5.4255728e-03  -6.8459947e-03  -2.2379812e-01   6.6325898e-06  -1.1279635e-03  -3.8925313e-03   6.3395830e-04  -6.8459949e-03   5.2293510e-03
   2.3200000e+00   8.1982165e-02  -4.2801558e-03   8.7690541e-02   5.1714528e-03   5.4594867e-06   1.9308108e-03  -2.0045707e-03   2.7483590e-04   4.6948483e-05  -9.5088355e-04   1.0000000e-01   0.0000000e+00  -2.6896768e-03   5.4476082e-02   5.4097507e-06   2.9120063e-03  -1.3011862e-01  -5.6564279e-03  -6.6780963e-03  -2.2705782e-01   5.4097484e-06  -1.1380544e-03  -3.6804408e-03   5.8627271e-04  -6.6780965e-03   4.9700128e-03
   2.3500000e+00   8.4165448e-02  -4.3979258e-03   8.8867340e-02   5.1258216e-03   4.1884334e-06   1.9606024e-03  -2.0318442e-03   2.7669682e-04   4.7737743e-05  -9.5263143e-04   1.0000000e-01   6.8362034e-18  -2.7348935e-03   5.4576218e-02   4.1480329e-06   2.9542995e-03  -1.3178601e-01  -5.8887825e-03  -6.5060626e-03  -2.3030565e-01   4.1480318e-06  -1.1481327e-03  -3.4774253e-03   5.4094681e-04  -6.5060625e-03   4.7225431e-03
   2.3800000e+00   8.6378967e-02  -4.5184046e-03   9.0066592e-02   5.0787356e-03   2.8817955e-06   1.9904125e-03  -2.0587915e-03   2.7857922e-04   4.8534370e-05  -9.5432278e-04   1.0000000e-01  -6.8362034e-18  -2.7805322e-03   5.4673115e-02   2.8516024e-06   2.9966050e-03  -1.3346029e-01  -6.1225963e-03  -6.3305998e-03  -2.3354162e-01   2.8516016e-06  -1.1581987e-03  -3.2830138e-03   4.9788073e-04  -6.3305999e-03   4.4869272e-03
   2.4100000e+00   8.8622690e-02  -4.6417098e-03   9.1287808e-02   5.0305746e-03   1.5435193e-06   2.0202411e-03  -2.0854171e-03   2.8049289e-04   4.9337132e-05  -9.5596067e-04   1.0000000e-01   6.8362034e-18  -2.8265224e-03   5.4766950e-02   1.5244128e-06   3.0389225e-03  -1.3514117e-01  -6.3578324e-03  -6.1523852e-03  -2.3676581e-01   1.5244116e-06  -1.1682526e-03  -3.0967673e-03   4.5697979e-04  -6.1523853e-03   4.2630995e-03
   2.4400000e+00   9.0896580e-02  -4.7679608e-03   9.2530490e-02   4.9817007e-03   1.7734714e-07   2.0500882e-03  -2.1117260e-03   2.8244713e-04   5.0144916e-05  -9.5754798e-04   1.0000000e-01   0.0000000e+00  -2.8728003e-03   5.4857887e-02   1.7019117e-07   3.0812521e-03  -1.3682837e-01  -6.5944550e-03  -5.9720650e-03  -2.3997832e-01   1.7019068e-07  -1.1782945e-03  -2.9182764e-03   4.1815477e-04  -5.9720650e-03   4.0509523e-03
   2.4700000e+00   9.3200611e-02  -4.8972746e-03   9.3794135e-02   4.9324582e-03  -1.2131866e-06   2.0799537e-03  -2.1377238e-03   2.8445080e-04   5.0956720e-05  -9.5908740e-04   1.0000000e-01  -3.4181017e-18  -2.9193085e-03   5.4946080e-02  -1.2075166e-06   3.1235937e-03  -1.3852161e-01  -6.8324331e-03  -5.7902525e-03  -2.4317929e-01  -1.2075165e-06  -1.1883244e-03  -2.7471592e-03   3.8132117e-04  -5.7902525e-03   3.8503380e-03
   2.5000000e+00   9.5534761e-02  -5.0297687e-03   9.5078236e-02   4.8831732e-03  -2.6247566e-06   2.1098381e-03  -2.1634165e-03   2.8651228e-04   5.1771645e-05  -9.6058145e-04   1.0000000e-01   1.7090509e-18  -2.9659956e-03   5.5031675e-02  -2.6053859e-06   3.1659476e-03  -1.4022067e-01  -7.0717392e-03  -5.6075277e-03  -2.4636892e-01  -2.6053852e-06  -1.1983420e-03  -2.5830582e-03   3.4639853e-04  -5.6075276e-03   3.6610735e-03
   2.5300000e+00   9.7899016e-02  -5.1655588e-03   9.6382281e-02   4.8341536e-03  -4.0542466e-06   2.1397416e-03  -2.1888107e-03   2.8863946e-04   5.2588887e-05  -9.6203250e-04   1.0000000e-01  -8.5452543e-19  -3.0128153e-03   5.5114805e-02  -4.0202942e-06   3.2083141e-03  -1.4192531e-01  -7.3123497e-03  -5.4244363e-03  -2.4954741e-01  -4.0202937e-06  -1.2083470e-03  -2.4256391e-03   3.1331016e-04  -5.4244363e-03   3.4829444e-03
   2.5600000e+00   1.0029337e-01  -5.3047617e-03   9.7705756e-02   4.7856895e-03  -5.4987477e-06   2.1696646e-03  -2.2139131e-03   2.9083976e-04   5.3407729e-05  -9.6344276e-04   1.0000000e-01   6.8362034e-18  -3.0597267e-03   5.5195599e-02  -5.4493487e-06   3.2506935e-03  -1.4363533e-01  -7.5542441e-03  -5.2414905e-03  -2.5271500e-01  -5.4493475e-06  -1.2183390e-03  -2.2745883e-03   2.8198258e-04  -5.2414904e-03   3.3157085e-03
   2.5900000e+00   1.0271780e-01  -5.4474893e-03   9.9048147e-02   4.7380531e-03  -6.9555564e-06   2.1996076e-03  -2.2387308e-03   2.9312012e-04   5.4227534e-05  -9.6481429e-04   1.0000000e-01   8.5452543e-19  -3.1066933e-03   5.5274174e-02  -6.8898303e-06   3.2930863e-03  -1.4535052e-01  -7.7974075e-03  -5.0591672e-03  -2.5587197e-01  -6.8898294e-06  -1.2283177e-03  -2.1296116e-03   2.5234549e-04  -5.0591672e-03   3.1591001e-03
   2.6200000e+00   1.0517233e-01  -5.5938549e-03   1.0040894e-01   4.6914991e-03  -8.4221702e-06   2.2295713e-03  -2.2632712e-03   2.9548701e-04   5.5047741e-05  -9.6614904e-04   1.0000000e-01   0.0000000e+00  -3.1536830e-03   5.5350642e-02  -8.3392526e-06   3.3354930e-03  -1.4707070e-01  -8.0418273e-03  -4.8779103e-03  -2.5901860e-01  -8.3392514e-06  -1.2382825e-03  -1.9904326e-03   2.2433115e-04  -4.8779103e-03   3.0128328e-03
   2.6500000e+00   1.0765694e-01  -5.7439681e-03   1.0178762e-01   4.6462652e-03  -9.8962833e-06   2.2595562e-03  -2.2875419e-03   2.9794642e-04   5.5867856e-05  -9.6744885e-04   1.0000000e-01   0.0000000e+00  -3.2006673e-03   5.5425107e-02  -9.7953087e-06   3.3779142e-03  -1.4879570e-01  -8.2874961e-03  -4.6981297e-03  -2.6215519e-01  -9.7953070e-06  -1.2482328e-03  -1.8567909e-03   1.9787434e-04  -4.6981297e-03   2.8766029e-03
   2.6800000e+00   1.1017165e-01  -5.8979362e-03   1.0318369e-01   4.6025721e-03  -1.1375781e-05   2.2895631e-03  -2.3115505e-03   3.0050390e-04   5.6687448e-05  -9.6871541e-04   1.0000000e-01  -6.8362034e-18  -3.2476217e-03   5.5497669e-02  -1.1255882e-05   3.4203505e-03  -1.5052536e-01  -8.5344102e-03  -4.5202026e-03  -2.6528206e-01  -1.1255880e-05  -1.2581679e-03  -1.7284414e-03   1.7291216e-04  -4.5202026e-03   2.7500928e-03
   2.7100000e+00   1.1271647e-01  -6.0558651e-03   1.0459662e-01   4.5606245e-03  -1.2858735e-05   2.3195925e-03  -2.3353050e-03   3.0316454e-04   5.7506142e-05  -9.6995035e-04   1.0000000e-01   0.0000000e+00  -3.2945247e-03   5.5568418e-02  -1.2719053e-05   3.4628025e-03  -1.5225952e-01  -8.7825695e-03  -4.3444741e-03  -2.6839954e-01  -1.2719050e-05  -1.2680874e-03  -1.6051525e-03   1.4938366e-04  -4.3444740e-03   2.6329730e-03
   2.7400000e+00   1.1529141e-01  -6.2178564e-03   1.0602592e-01   4.5206110e-03  -1.4343395e-05   2.3496453e-03  -2.3588133e-03   3.0593300e-04   5.8323615e-05  -9.7115516e-04   1.0000000e-01   0.0000000e+00  -3.3413577e-03   5.5637442e-02  -1.4183061e-05   3.5052709e-03  -1.5399804e-01  -9.0319782e-03  -4.1712580e-03  -2.7150797e-01  -1.4183059e-05  -1.2779904e-03  -1.4867057e-03   1.2722998e-04  -4.1712580e-03   2.5249056e-03
   2.7700000e+00   1.1789648e-01  -6.3840116e-03   1.0747109e-01   4.4827054e-03  -1.5828182e-05   2.3797222e-03  -2.3820834e-03   3.0881352e-04   5.9139594e-05  -9.7233126e-04   1.0000000e-01   0.0000000e+00  -3.3881051e-03   5.5704820e-02  -1.5646343e-05   3.5477565e-03  -1.5574078e-01  -9.2826428e-03  -4.0008387e-03  -2.7460769e-01  -1.5646340e-05  -1.2878763e-03  -1.3728939e-03   1.0639392e-04  -4.0008387e-03   2.4255456e-03
   2.8000000e+00   1.2053171e-01  -6.5544281e-03   1.0893164e-01   4.4470664e-03  -1.7311685e-05   2.4098238e-03  -2.4051233e-03   3.1180996e-04   5.9953846e-05  -9.7347998e-04   1.0000000e-01  -6.8362034e-18  -3.4347536e-03   5.5770630e-02  -1.7107485e-05   3.5902598e-03  -1.5748760e-01  -9.5345742e-03  -3.8334710e-03  -2.7769905e-01  -1.7107481e-05  -1.2977445e-03  -1.2635214e-03   8.6820054e-05  -3.8334710e-03   2.3345442e-03
   2.8300000e+00   1.2319711e-01  -6.7292007e-03   1.1040708e-01   4.4138387e-03  -1.8792648e-05   2.4399510e-03  -2.4279409e-03   3.1492575e-04   6.0766180e-05  -9.7460256e-04   1.0000000e-01   0.0000000e+00  -3.4812921e-03   5.5834943e-02  -1.8565235e-05   3.6327815e-03  -1.5923840e-01  -9.7877859e-03  -3.6693824e-03  -2.8078240e-01  -1.8565231e-05  -1.3075942e-03  -1.1584021e-03   6.8454531e-05  -3.6693823e-03   2.2515497e-03
   2.8600000e+00   1.2589271e-01  -6.9084209e-03   1.1189693e-01   4.3831538e-03  -2.0269966e-05   2.4701045e-03  -2.4505444e-03   3.1816399e-04   6.1576437e-05  -9.7570019e-04   1.0000000e-01   0.0000000e+00  -3.5277117e-03   5.5897826e-02  -2.0018482e-05   3.6753223e-03  -1.6099304e-01  -1.0042295e-02  -3.5087733e-03  -2.8385810e-01  -2.0018477e-05  -1.3174249e-03  -1.0573598e-03   5.1245107e-05  -3.5087733e-03   2.1762102e-03
   2.8900000e+00   1.2861853e-01  -7.0921787e-03   1.1340071e-01   4.3551298e-03  -2.1742677e-05   2.5002849e-03  -2.4729415e-03   3.2152739e-04   6.2384492e-05  -9.7677394e-04   1.0000000e-01   1.7090509e-18  -3.5740052e-03   5.5959342e-02  -2.1466274e-05   3.7178828e-03  -1.6275140e-01  -1.0298120e-02  -3.3518193e-03  -2.8692650e-01  -2.1466269e-05  -1.3272358e-03  -9.6022674e-04   3.5140919e-05  -3.3518193e-03   2.1081745e-03
   2.9200000e+00   1.3137460e-01  -7.2805601e-03   1.1491797e-01   4.3298728e-03  -2.3209957e-05   2.5304929e-03  -2.4951403e-03   3.2501835e-04   6.3190251e-05  -9.7782486e-04   1.0000000e-01   0.0000000e+00  -3.6201670e-03   5.6019549e-02  -2.2907778e-05   3.7604637e-03  -1.6451339e-01  -1.0555284e-02  -3.1986717e-03  -2.8998794e-01  -2.2907773e-05  -1.3370264e-03  -8.6684332e-04   2.0092605e-05  -3.1986717e-03   2.0470938e-03
   2.9500000e+00   1.3416094e-01  -7.4736492e-03   1.1644823e-01   4.3074771e-03  -2.4671106e-05   2.5607292e-03  -2.5171483e-03   3.2863893e-04   6.3993641e-05  -9.7885391e-04   1.0000000e-01   0.0000000e+00  -3.6661933e-03   5.6078503e-02  -2.4342302e-05   3.8030655e-03  -1.6627890e-01  -1.0813811e-02  -3.0494591e-03  -2.9304277e-01  -2.4342296e-05  -1.3467961e-03  -7.7705766e-04   6.0521504e-06  -3.0494591e-03   1.9926233e-03
   2.9800000e+00   1.3697758e-01  -7.6715266e-03   1.1799107e-01   4.2880257e-03  -2.6125547e-05   2.5909945e-03  -2.5389735e-03   3.3239089e-04   6.4794617e-05  -9.7986199e-04   1.0000000e-01   0.0000000e+00  -3.7120811e-03   5.6136256e-02  -2.5769265e-05   3.8456888e-03  -1.6804781e-01  -1.1073727e-02  -2.9042885e-03  -2.9609133e-01  -2.5769259e-05  -1.3565443e-03  -6.9072489e-04  -7.0270877e-06  -2.9042886e-03   1.9444227e-03
   3.0100000e+00   1.3982455e-01  -7.8742724e-03   1.1954602e-01   4.2715913e-03  -2.7572818e-05   2.6212892e-03  -2.5606232e-03   3.3627571e-04   6.5593150e-05  -9.8084996e-04   1.0000000e-01   0.0000000e+00  -3.7578291e-03   5.6192856e-02  -2.7188217e-05   3.8883341e-03  -1.6982004e-01  -1.1335059e-02  -2.7632470e-03  -2.9913395e-01  -2.7188211e-05  -1.3662704e-03  -6.0770678e-04  -1.9190496e-05  -2.7632468e-03   1.9021574e-03
   3.0400000e+00   1.4270188e-01  -8.0819585e-03   1.2111267e-01   4.2582366e-03  -2.9012561e-05   2.6516140e-03  -2.5821050e-03   3.4029460e-04   6.6389234e-05  -9.8181859e-04   1.0000000e-01  -3.4181017e-18  -3.8034367e-03   5.6248349e-02  -2.8598773e-05   3.9310019e-03  -1.7159547e-01  -1.1597840e-02  -2.6264016e-03  -3.0217097e-01  -2.8598766e-05  -1.3759741e-03  -5.2787133e-04  -3.0481991e-05  -2.6264016e-03   1.8655003e-03
